1.390895447723861977e+01 4.477644411102775734e+01
1.388694347173586863e+01 4.478619654913728709e+01
1.387693846923461649e+01 4.479369842460614848e+01
1.387693846923461649e+01 4.479594898724680974e+01
1.387093546773386699e+01 4.479969992498124753e+01
1.387093546773386699e+01 4.480120030007501697e+01
1.385092546273136627e+01 4.481395348837209269e+01
1.385092546273136627e+01 4.481545386346586923e+01
1.384292146073036456e+01 4.482145536384096118e+01
1.384292146073036456e+01 4.482370592648162244e+01
1.383891945972986548e+01 4.482520630157539188e+01
1.383691845922961505e+01 4.482820705176293785e+01
1.382891445722861334e+01 4.483345836459114508e+01
1.382691345672836469e+01 4.483720930232558288e+01
1.381690845422711433e+01 4.484546136534133609e+01
1.381490745372686391e+01 4.484996249062265861e+01
1.381090545272636305e+01 4.485221305326331276e+01
1.381090545272636305e+01 4.485446361590397402e+01
1.380690345172586220e+01 4.485896474118529653e+01
1.379289644822411276e+01 4.487096774193548754e+01
1.377888944472236155e+01 4.487621905476368767e+01
1.376288144072035990e+01 4.488597149287321741e+01
1.374087043521760876e+01 4.489272318079520119e+01
1.372886443221610797e+01 4.490172543135783911e+01
1.372486243121560712e+01 4.490622655663916163e+01
1.372486243121560712e+01 4.490847711927982289e+01
1.372286143071535847e+01 4.490922730682670760e+01
1.372086043021510804e+01 4.491747936984246081e+01
1.371885942971485761e+01 4.491822955738934553e+01
1.371885942971485761e+01 4.492498124531132930e+01
1.371685842921460718e+01 4.492573143285821402e+01
1.371685842921460718e+01 4.493698424606151320e+01
1.371885942971485761e+01 4.493773443360840503e+01
1.371885942971485761e+01 4.495573893473368088e+01
1.371685842921460718e+01 4.495648912228057270e+01
1.371685842921460718e+01 4.496099024756188811e+01
1.371485742871435676e+01 4.496174043510877993e+01
1.371485742871435676e+01 4.497224306076519440e+01
1.371285642821410633e+01 4.497299324831207912e+01
1.371285642821410633e+01 4.497599399849962509e+01
1.370685342671335682e+01 4.498049512378094761e+01
1.370485242621310640e+01 4.498424606151537830e+01
1.369884942471235689e+01 4.498799699924981610e+01
1.369884942471235689e+01 4.498949737434358553e+01
1.368084042021010482e+01 4.500150037509377654e+01
1.367883941970985440e+01 4.500525131282820723e+01
1.367283641820910489e+01 4.500975243810952975e+01
1.367283641820910489e+01 4.501200300075018390e+01
1.366883441720860404e+01 4.501425356339084516e+01
1.366683341670835361e+01 4.501875468867216767e+01
1.363481740870435210e+01 4.504201050262565786e+01
1.363281640820410168e+01 4.504651162790698038e+01
1.362881440720360260e+01 4.504876219054763453e+01
1.362681340670335217e+01 4.505326331582895705e+01
1.362081040520260089e+01 4.505776444111027956e+01
1.362081040520260089e+01 4.506001500375094082e+01
1.360680340170084968e+01 4.507576894223555541e+01
1.360480240120060103e+01 4.508327081770442391e+01
1.360080040020010017e+01 4.508777194298574642e+01
1.360080040020010017e+01 4.509152288072017711e+01
1.359879939969984974e+01 4.509227306826706894e+01
1.359879939969984974e+01 4.509602400600149963e+01
1.359679839919959932e+01 4.509677419354838435e+01
1.359679839919959932e+01 4.510127531882970686e+01
1.359279639819909846e+01 4.510427606901725284e+01
1.359279639819909846e+01 4.510652663165791409e+01
1.357678839419709860e+01 4.512453113278319705e+01
1.357678839419709860e+01 4.512753188297074303e+01
1.357278639319659774e+01 4.513128282070517372e+01
1.357078539269634732e+01 4.513803450862715749e+01
1.356678339169584824e+01 4.514253563390848001e+01
1.356678339169584824e+01 4.514628657164291070e+01
1.356278139069534738e+01 4.515078769692423322e+01
1.356078039019509696e+01 4.515978994748687114e+01
1.355877938969484831e+01 4.516054013503375586e+01
1.355877938969484831e+01 4.516729182295573963e+01
1.355677838919459788e+01 4.516804201050262435e+01
1.355677838919459788e+01 4.518454613653413077e+01
1.355877938969484831e+01 4.518529632408102259e+01
1.355877938969484831e+01 4.521230307576894347e+01
1.356078039019509696e+01 4.521305326331582819e+01
1.356078039019509696e+01 4.523705926481620310e+01
1.355877938969484831e+01 4.523780945236308781e+01
1.355877938969484831e+01 4.524756189047261756e+01
1.355677838919459788e+01 4.524831207801950228e+01
1.355677838919459788e+01 4.525431357839460134e+01
1.355477738869434745e+01 4.525506376594148605e+01
1.355477738869434745e+01 4.525956489122280857e+01
1.355277638819409702e+01 4.526031507876969329e+01
1.355277638819409702e+01 4.526706676669166995e+01
1.355077538769384660e+01 4.526781695423856178e+01
1.355077538769384660e+01 4.527156789197299247e+01
1.354877438719359617e+01 4.527231807951987719e+01
1.354877438719359617e+01 4.527606901725431499e+01
1.354677338669334574e+01 4.527681920480119970e+01
1.354677338669334574e+01 4.527981995498874568e+01
1.354477238619309709e+01 4.528057014253563750e+01
1.354477238619309709e+01 4.528357089272318348e+01
1.354277138569284666e+01 4.528432108027006819e+01
1.354277138569284666e+01 4.528732183045761417e+01
1.353876938469234581e+01 4.529107276819204486e+01
1.353876938469234581e+01 4.529407351837959794e+01
1.353676838419209538e+01 4.529482370592648266e+01
1.353476738369184673e+01 4.530007501875468989e+01
1.353276638319159630e+01 4.530082520630157461e+01
1.352876438219109545e+01 4.530907726931732782e+01
1.352476238119059460e+01 4.531207801950487379e+01
1.352476238119059460e+01 4.531432858214553505e+01
1.352276138069034417e+01 4.531507876969241977e+01
1.352276138069034417e+01 4.531807951987997285e+01
1.351875937968984509e+01 4.532258064516128826e+01
1.351875937968984509e+01 4.532633158289572606e+01
1.351675837918959466e+01 4.532708177044261078e+01
1.351675837918959466e+01 4.533233308327081801e+01
1.351475737868934424e+01 4.533308327081770273e+01
1.351475737868934424e+01 4.533758439609902524e+01
1.351275637818909381e+01 4.533833458364590996e+01
1.351275637818909381e+01 4.534508627156789373e+01
1.351075537768884516e+01 4.534583645911477845e+01
1.351075537768884516e+01 4.535483870967741638e+01
1.350875437718859473e+01 4.535558889722430820e+01
1.350875437718859473e+01 4.536759189797449210e+01
1.350675337668834430e+01 4.536834208552137682e+01
1.350675337668834430e+01 4.537584396099024531e+01
1.350475237618809388e+01 4.537659414853713713e+01
1.350475237618809388e+01 4.538184546136534436e+01
1.350275137568784345e+01 4.538259564891222908e+01
1.350275137568784345e+01 4.538784696174043631e+01
1.350075037518759302e+01 4.538859714928732103e+01
1.350075037518759302e+01 4.539384846211552826e+01
1.349874937468734259e+01 4.539459864966241298e+01
1.349674837418709394e+01 4.540285071267817329e+01
1.349474737368684352e+01 4.540360090022505801e+01
1.349474737368684352e+01 4.540810202550637342e+01
1.349274637318659309e+01 4.540885221305326525e+01
1.349274637318659309e+01 4.541260315078769594e+01
1.349074537268634266e+01 4.541335333833458066e+01
1.349074537268634266e+01 4.541785446361590317e+01
1.348874437218609224e+01 4.541860465116278789e+01
1.348874437218609224e+01 4.542385596399099512e+01
1.348674337168584358e+01 4.542460615153788694e+01
1.348674337168584358e+01 4.543135783945986361e+01
1.348474237118559316e+01 4.543210802700674833e+01
1.348474237118559316e+01 4.543960990247561682e+01
1.348274137068534273e+01 4.544036009002250864e+01
1.348074037018509230e+01 4.545536384096023852e+01
1.347873936968484188e+01 4.545611402850713034e+01
1.347873936968484188e+01 4.546511627906976827e+01
1.347673836918459145e+01 4.546586646661665299e+01
1.347673836918459145e+01 4.548387096774193594e+01
1.347873936968484188e+01 4.548462115528882066e+01
1.347873936968484188e+01 4.549887471867967292e+01
1.348074037018509230e+01 4.549962490622655764e+01
1.348074037018509230e+01 4.550712678169542613e+01
1.348274137068534273e+01 4.550787696924231085e+01
1.348274137068534273e+01 4.551162790697674154e+01
1.348874437218609224e+01 4.551837959489872532e+01
1.350075037518759302e+01 4.552513128282070198e+01
1.352476238119059460e+01 4.552963240810202450e+01
1.354077038519259624e+01 4.553488372093023173e+01
1.357278639319659774e+01 4.555288822205551469e+01
1.359079539769884981e+01 4.556039009752438318e+01
1.364482241120560246e+01 4.557314328582145890e+01
1.366083041520760410e+01 4.557914478619655085e+01
1.367483741870935532e+01 4.559264816204051129e+01
1.367483741870935532e+01 4.559489872468117255e+01
1.367883941970985440e+01 4.559789947486871853e+01
1.368284142071035525e+01 4.560615153788447174e+01
1.368684342171085433e+01 4.560915228807201771e+01
1.368684342171085433e+01 4.561215303825956369e+01
1.370285142571285597e+01 4.562715678919730067e+01
1.370285142571285597e+01 4.562940735183796193e+01
1.370485242621310640e+01 4.563015753938484664e+01
1.370485242621310640e+01 4.563240810202550790e+01
1.371085542771385590e+01 4.563915978994748457e+01
1.371085542771385590e+01 4.564291072768192237e+01
1.371285642821410633e+01 4.564366091522880708e+01
1.371285642821410633e+01 4.565116279069767558e+01
1.371085542771385590e+01 4.565191297824456029e+01
1.371085542771385590e+01 4.565566391597899809e+01
1.369884942471235689e+01 4.566766691672918199e+01
1.367083541770885446e+01 4.568117029257314243e+01
1.365682841420710325e+01 4.568342085521380369e+01
1.364282141070535204e+01 4.568267066766691897e+01
1.361080540270135053e+01 4.567216804201050451e+01
1.356478239119559781e+01 4.564666166541635306e+01
1.352676338169084502e+01 4.562115528882220872e+01
1.350075037518759302e+01 4.561215303825956369e+01
1.346273136568284201e+01 4.560615153788447174e+01
1.343271635817908916e+01 4.559789947486871853e+01
1.336668334167083572e+01 4.557164291072768236e+01
1.330665332666333178e+01 4.554238559639910022e+01
1.328664332166083106e+01 4.553638409602400827e+01
1.321060530265132549e+01 4.552513128282070198e+01
1.317058529264632227e+01 4.552363090772693255e+01
1.314057028514257119e+01 4.552063015753938657e+01
1.307853926963481683e+01 4.552138034508627129e+01
1.302051025512756333e+01 4.551237809452363337e+01
1.300650325162581211e+01 4.551237809452363337e+01
1.300050025012506261e+01 4.551387846961740280e+01
1.294647323661830995e+01 4.551312828207051808e+01
1.290045022511255546e+01 4.550712678169542613e+01
1.283841920960480287e+01 4.549512378094523513e+01
1.280240120060030051e+01 4.548537134283570538e+01
1.276838419209604858e+01 4.547036759189797550e+01
1.271035517758879507e+01 4.545011252813203129e+01
1.268234117058529264e+01 4.543810952738184739e+01
1.266433216608304235e+01 4.542835708927231764e+01
1.265432716358179022e+01 4.542085521380344915e+01
1.264632316158079028e+01 4.541185296324081122e+01
1.263831915957979035e+01 4.540810202550637342e+01
1.263431715857928950e+01 4.540360090022505801e+01
1.262831415707853999e+01 4.540060015003751204e+01
1.262831415707853999e+01 4.539759939984996606e+01
1.262431215607803914e+01 4.539459864966241298e+01
1.262431215607803914e+01 4.539234808702175883e+01
1.262631315657828956e+01 4.539159789947486701e+01
1.262431215607803914e+01 4.538709677419355160e+01
1.262831415707853999e+01 4.538484621155289034e+01
1.262831415707853999e+01 4.538259564891222908e+01
1.263031515757878864e+01 4.538184546136534436e+01
1.262831415707853999e+01 4.538109527381845254e+01
1.263031515757878864e+01 4.537884471117779128e+01
1.263431715857928950e+01 4.537734433608402185e+01
1.263431715857928950e+01 4.536009002250562361e+01
1.262631315657828956e+01 4.535408852213053166e+01
1.257828914457228642e+01 4.533533383345836398e+01
1.255427713856928484e+01 4.532933233308327203e+01
1.247623811905953062e+01 4.529557389347336738e+01
1.245622811405702812e+01 4.528507126781695291e+01
1.242621310655327704e+01 4.527306826706676901e+01
1.241020510255127540e+01 4.526331582895723926e+01
1.241020510255127540e+01 4.526181545386346272e+01
1.240620310155077455e+01 4.525956489122280857e+01
1.240020010005002504e+01 4.525281320330082480e+01
1.240020010005002504e+01 4.524981245311327882e+01
1.239819909954977462e+01 4.524906226556639410e+01
1.239619809904952419e+01 4.524306076519129505e+01
1.239419709854927376e+01 4.524231057764441033e+01
1.239419709854927376e+01 4.523855963990997964e+01
1.239219609804902511e+01 4.523780945236308781e+01
1.239219609804902511e+01 4.522730682670668045e+01
1.239019509754877468e+01 4.522655663915978863e+01
1.239019509754877468e+01 4.521680420105026599e+01
1.239219609804902511e+01 4.521605401350337416e+01
1.239219609804902511e+01 4.519354838709677580e+01
1.239419709854927376e+01 4.519279819954988398e+01
1.239419709854927376e+01 4.517704426106526938e+01
1.239619809904952419e+01 4.517629407351837756e+01
1.239619809904952419e+01 4.516129032258064768e+01
1.239819909954977462e+01 4.516054013503375586e+01
1.239819909954977462e+01 4.514778694673668724e+01
1.240020010005002504e+01 4.514703675918979542e+01
1.240020010005002504e+01 4.513728432108027278e+01
1.240220110055027547e+01 4.513653413353338095e+01
1.240220110055027547e+01 4.512903225806451246e+01
1.240420210105052590e+01 4.512828207051762774e+01
1.240420210105052590e+01 4.512303075768942051e+01
1.240620310155077455e+01 4.512228057014253579e+01
1.240820410205102498e+01 4.511402850712678259e+01
1.241420710355177626e+01 4.510727681920479881e+01
1.241420710355177626e+01 4.510427606901725284e+01
1.241820910455227533e+01 4.510127531882970686e+01
1.241820910455227533e+01 4.509902475618904560e+01
1.242421210605302662e+01 4.509227306826706894e+01
1.243621810905452740e+01 4.508327081770442391e+01
1.243621810905452740e+01 4.508177044261065447e+01
1.249224612306153048e+01 4.503900975243811189e+01
1.254427213606803448e+01 4.500900225056263793e+01
1.256628314157078563e+01 4.499399849962490805e+01
1.257428714357178556e+01 4.498499624906226302e+01
1.257828914457228642e+01 4.498274568642160887e+01
1.257828914457228642e+01 4.498049512378094761e+01
1.258829414707353678e+01 4.496924231057764132e+01
1.258829414707353678e+01 4.496624156039009534e+01
1.259229614807403763e+01 4.496174043510877993e+01
1.259229614807403763e+01 4.495798949737434214e+01
1.259429714857428628e+01 4.495723930982745742e+01
1.259429714857428628e+01 4.495198799699925019e+01
1.259629814907453671e+01 4.495123780945236547e+01
1.259629814907453671e+01 4.494523630907726641e+01
1.259829914957478714e+01 4.494448612153038169e+01
1.259829914957478714e+01 4.492498124531132930e+01
1.259629814907453671e+01 4.492423105776444459e+01
1.259629814907453671e+01 4.491597899474868427e+01
1.259429714857428628e+01 4.491522880720179955e+01
1.259429714857428628e+01 4.490997749437359232e+01
1.259229614807403763e+01 4.490922730682670760e+01
1.259229614807403763e+01 4.490547636909226981e+01
1.259029514757378720e+01 4.490472618154538509e+01
1.259029514757378720e+01 4.490172543135783911e+01
1.258829414707353678e+01 4.490097524381095440e+01
1.258829414707353678e+01 4.489797449362340842e+01
1.258229114557278550e+01 4.489122280570142465e+01
1.258229114557278550e+01 4.488897224306076339e+01
1.256428214107053520e+01 4.486871717929482628e+01
1.256428214107053520e+01 4.486646661665416502e+01
1.255027513756878399e+01 4.485221305326331276e+01
1.255027513756878399e+01 4.484996249062265861e+01
1.254427213606803448e+01 4.484471117779445137e+01
1.254227113556778406e+01 4.483945986496624414e+01
1.253826913456728320e+01 4.483645911477869817e+01
1.253626813406703278e+01 4.483120780195049093e+01
1.253026513256628327e+01 4.482520630157539188e+01
1.253026513256628327e+01 4.482295573893473062e+01
1.252026013006503291e+01 4.481245311327832326e+01
1.252026013006503291e+01 4.481020255063766200e+01
1.251625812906453206e+01 4.480720180045011602e+01
1.251625812906453206e+01 4.480495123780945477e+01
1.250425212606303127e+01 4.479294823705926376e+01
1.250425212606303127e+01 4.479069767441860250e+01
1.250025012506253042e+01 4.478844711177794125e+01
1.249624812406203134e+01 4.478244561140284929e+01
1.249224612306153048e+01 4.478019504876218804e+01
1.248424212106053055e+01 4.477044261065266539e+01
1.247823911955977927e+01 4.476669167291822760e+01
1.247223611805902976e+01 4.475918979744935911e+01
1.246623311655827848e+01 4.475543885971492841e+01
1.246223111555777940e+01 4.475018754688672118e+01
1.245422711355677770e+01 4.474418604651162923e+01
1.245422711355677770e+01 4.474268567141785269e+01
1.244622311155577776e+01 4.473668417104276074e+01
1.244422211105552734e+01 4.473293323330833005e+01
1.244022011005502826e+01 4.473068267066766879e+01
1.243221610805402655e+01 4.472168042010502376e+01
1.243221610805402655e+01 4.471942985746436250e+01
1.242821410705352747e+01 4.471642910727681652e+01
1.242821410705352747e+01 4.471342835708927055e+01
1.242421210605302662e+01 4.470967741935483986e+01
1.242421210605302662e+01 4.470592648162040206e+01
1.242221110555277619e+01 4.470517629407351734e+01
1.242221110555277619e+01 4.469767441860464885e+01
1.242021010505252576e+01 4.469692423105776413e+01
1.242021010505252576e+01 4.465791447861965224e+01
1.242221110555277619e+01 4.465716429107276753e+01
1.242221110555277619e+01 4.464816204051012960e+01
1.242421210605302662e+01 4.464741185296323778e+01
1.242421210605302662e+01 4.464366091522880708e+01
1.242621310655327704e+01 4.464291072768192237e+01
1.242621310655327704e+01 4.463840960240059985e+01
1.242821410705352747e+01 4.463765941485371513e+01
1.242821410705352747e+01 4.463315828957239262e+01
1.243221610805402655e+01 4.462865716429107010e+01
1.243421710855427698e+01 4.461965491372843218e+01
1.243621810905452740e+01 4.461890472618154746e+01
1.243621810905452740e+01 4.461440360090022494e+01
1.243821910955477783e+01 4.461365341335334023e+01
1.243821910955477783e+01 4.460765191297824117e+01
1.244022011005502826e+01 4.460690172543135645e+01
1.244022011005502826e+01 4.460015003750937979e+01
1.244222111055527691e+01 4.459939984996248796e+01
1.244222111055527691e+01 4.459114778694673475e+01
1.244422211105552734e+01 4.459039759939985004e+01
1.244422211105552734e+01 4.455213803450862997e+01
1.244622311155577776e+01 4.455138784696173815e+01
1.244622311155577776e+01 4.454013503375843896e+01
1.244822411205602819e+01 4.453938484621155425e+01
1.244822411205602819e+01 4.453188297074268576e+01
1.245022511255627862e+01 4.453113278319580104e+01
1.245022511255627862e+01 4.452513128282070198e+01
1.245222611305652904e+01 4.452438109527381727e+01
1.245422711355677770e+01 4.451237809452363337e+01
1.245622811405702812e+01 4.451162790697674154e+01
1.245622811405702812e+01 4.450712678169542613e+01
1.245822911455727855e+01 4.450637659414853431e+01
1.245822911455727855e+01 4.450262565641410362e+01
1.246023011505752898e+01 4.450187546886721890e+01
1.246023011505752898e+01 4.449812453113278110e+01
1.246223111555777940e+01 4.449737434358589638e+01
1.246223111555777940e+01 4.449287321830457387e+01
1.246423211605802983e+01 4.449212303075768915e+01
1.246623311655827848e+01 4.448387096774193594e+01
1.246823411705852891e+01 4.448312078019505122e+01
1.246823411705852891e+01 4.447786946736684399e+01
1.247023511755877934e+01 4.447711927981995217e+01
1.247023511755877934e+01 4.447186796699174494e+01
1.247223611805902976e+01 4.447111777944486022e+01
1.247423711855928019e+01 4.446061515378844575e+01
1.247623811905953062e+01 4.445986496624156104e+01
1.247823911955977927e+01 4.444936234058514657e+01
1.248024012006002970e+01 4.444861215303826185e+01
1.248024012006002970e+01 4.444411102775693934e+01
1.248224112056028012e+01 4.444336084021005462e+01
1.248224112056028012e+01 4.443960990247561682e+01
1.248424212106053055e+01 4.443885971492873210e+01
1.248424212106053055e+01 4.443510877719430141e+01
1.248624312156078098e+01 4.443435858964740959e+01
1.248624312156078098e+01 4.443060765191297889e+01
1.248824412206102963e+01 4.442985746436609418e+01
1.248824412206102963e+01 4.442610652663165638e+01
1.249224612306153048e+01 4.442160540135034097e+01
1.249424712356178091e+01 4.441485371342835720e+01
1.249624812406203134e+01 4.441410352588147248e+01
1.249824912456228176e+01 4.440810202550637342e+01
1.250225112556278084e+01 4.440435108777194273e+01
1.250225112556278084e+01 4.440135033758439675e+01
1.250425212606303127e+01 4.440060015003751204e+01
1.250425212606303127e+01 4.439834958739685078e+01
1.251025512756378255e+01 4.439159789947486701e+01
1.251025512756378255e+01 4.438859714928732103e+01
1.251425712856428163e+01 4.438559639909977506e+01
1.251425712856428163e+01 4.438259564891222908e+01
1.251825912956478248e+01 4.437959489872468311e+01
1.251825912956478248e+01 4.437734433608402185e+01
1.252026013006503291e+01 4.437659414853713713e+01
1.252426213106553199e+01 4.436834208552137682e+01
1.252826413206603284e+01 4.436534133533383084e+01
1.252826413206603284e+01 4.436309077269317669e+01
1.253426713356678412e+01 4.435708927231807763e+01
1.253426713356678412e+01 4.435483870967741638e+01
1.254827413706853356e+01 4.433908477119280178e+01
1.254827413706853356e+01 4.433683420855214052e+01
1.255227613806903442e+01 4.433383345836459455e+01
1.255227613806903442e+01 4.433158289572393329e+01
1.256428214107053520e+01 4.431957989497374228e+01
1.256428214107053520e+01 4.431732933233308103e+01
1.258229114557278550e+01 4.429707426856714392e+01
1.258629314657328635e+01 4.429482370592648266e+01
1.258829414707353678e+01 4.429107276819204486e+01
1.259829914957478714e+01 4.428282070517629165e+01
1.260830415207603750e+01 4.427081770442610775e+01
1.261430715357678878e+01 4.426706676669166995e+01
1.262031015507753828e+01 4.425956489122280857e+01
1.262631315657828956e+01 4.425581395348837077e+01
1.263431715857928950e+01 4.424681170292573285e+01
1.264232116058028943e+01 4.424156039009752561e+01
1.264232116058028943e+01 4.424006001500374907e+01
1.275037518759379651e+01 4.415603900975244045e+01
1.279439719859929880e+01 4.412678169542385831e+01
1.279839919959979966e+01 4.412228057014253579e+01
1.280240120060030051e+01 4.412078019504875925e+01
1.284242121060530195e+01 4.409077269317329240e+01
1.288244122061030517e+01 4.406676669167291749e+01
1.292446223111555703e+01 4.404426106526631912e+01
1.303851925962981539e+01 4.398724681170292428e+01
1.306853426713356647e+01 4.396624156039009534e+01
1.306853426713356647e+01 4.396474118529632591e+01
1.307653826913456641e+01 4.395948987246811868e+01
1.307653826913456641e+01 4.395798949737434214e+01
1.309254627313656805e+01 4.394598649662415824e+01
1.309254627313656805e+01 4.394448612153038169e+01
1.309854927463731933e+01 4.394148537134283572e+01
1.309854927463731933e+01 4.393998499624905918e+01
1.311255627813906877e+01 4.392948237059264471e+01
1.313256628314157126e+01 4.391597899474868427e+01
1.315457728864432241e+01 4.390322580645161565e+01
1.318859429714857434e+01 4.387996999249812546e+01
1.327663831915957893e+01 4.382970742685671439e+01
1.330665332666333178e+01 4.380945236309077018e+01
1.336268134067033486e+01 4.377569392348087263e+01
1.349474737368684352e+01 4.370217554388597136e+01
1.353876938469234581e+01 4.367516879219805048e+01
1.361280640320160096e+01 4.364216054013503054e+01
1.366683341670835361e+01 4.361440360090022494e+01
1.369884942471235689e+01 4.359264816204051129e+01
1.369884942471235689e+01 4.359114778694673475e+01
1.371085542771385590e+01 4.358289572393098155e+01
1.371685842921460718e+01 4.357614403600900488e+01
1.372686343171585754e+01 4.356939234808702111e+01
1.372686343171585754e+01 4.356789197299325167e+01
1.373686843421710790e+01 4.356114028507126790e+01
1.373686843421710790e+01 4.355963990997749136e+01
1.375487743871935997e+01 4.354538634658664620e+01
1.379889944972486227e+01 4.349587396849211984e+01
1.379889944972486227e+01 4.349362340585146569e+01
1.380290145072536312e+01 4.349062265566391261e+01
1.380290145072536312e+01 4.348837209302325846e+01
1.380690345172586220e+01 4.348537134283570538e+01
1.380690345172586220e+01 4.348312078019505122e+01
1.381090545272636305e+01 4.348012003000750525e+01
1.381090545272636305e+01 4.347786946736684399e+01
1.381490745372686391e+01 4.347486871717929802e+01
1.381690845422711433e+01 4.347036759189797550e+01
1.381690845422711433e+01 4.346999999999999886e+01
