1.390895447723861977e+01 4.475693923480870495e+01
1.389094547273636771e+01 4.476369092273068162e+01
1.386493246623311570e+01 4.478544636159039527e+01
1.384692346173086541e+01 4.479444861215304030e+01
1.384092046023011591e+01 4.480120030007501697e+01
1.383291645822911420e+01 4.480645161290322420e+01
1.383091545772886377e+01 4.481095273818454672e+01
1.382491245622811427e+01 4.481470367591897741e+01
1.382491245622811427e+01 4.481695423855963867e+01
1.381890945472736298e+01 4.482070517629407647e+01
1.381690845422711433e+01 4.482445611402850716e+01
1.380490245122561177e+01 4.483345836459114508e+01
1.380290145072536312e+01 4.483720930232558288e+01
1.379689844922461184e+01 4.484021005251312886e+01
1.379089544772386233e+01 4.484696174043510553e+01
1.377288644322161026e+01 4.485446361590397402e+01
1.375487743871935997e+01 4.486571642910728031e+01
1.373686843421710790e+01 4.487021755438859572e+01
1.372486243121560712e+01 4.487696924231057949e+01
1.372086043021510804e+01 4.488147036759189490e+01
1.372086043021510804e+01 4.488372093023255616e+01
1.371685842921460718e+01 4.488597149287321741e+01
1.371485742871435676e+01 4.489047261815453993e+01
1.370885442721360725e+01 4.489572393098274716e+01
1.370885442721360725e+01 4.489797449362340842e+01
1.370085042521260554e+01 4.490547636909226981e+01
1.370085042521260554e+01 4.490772693173293106e+01
1.369884942471235689e+01 4.490847711927982289e+01
1.369884942471235689e+01 4.491222805701425358e+01
1.369484742371185604e+01 4.491597899474868427e+01
1.369484742371185604e+01 4.492048012003000679e+01
1.369284642321160561e+01 4.492123030757689151e+01
1.369284642321160561e+01 4.492723180795199056e+01
1.369084542271135518e+01 4.492798199549887528e+01
1.369084542271135518e+01 4.493698424606151320e+01
1.368884442221110476e+01 4.493773443360840503e+01
1.368884442221110476e+01 4.494373593398349698e+01
1.368684342171085433e+01 4.494448612153038169e+01
1.368684342171085433e+01 4.494898724681170421e+01
1.368484242121060568e+01 4.494973743435858893e+01
1.368284142071035525e+01 4.495648912228057270e+01
1.368084042021010482e+01 4.495723930982745742e+01
1.367883941970985440e+01 4.496324081020254937e+01
1.367683841920960397e+01 4.496399099774943409e+01
1.367483741870935532e+01 4.497224306076519440e+01
1.366883441720860404e+01 4.497824456114028635e+01
1.365282641320660417e+01 4.498649662415603956e+01
1.365082541270635375e+01 4.498874718679670082e+01
1.365082541270635375e+01 4.499174793698424679e+01
1.364682341170585289e+01 4.499549887471867748e+01
1.364682341170585289e+01 4.499849962490622346e+01
1.364282141070535204e+01 4.500225056264066126e+01
1.364282141070535204e+01 4.500450112528132252e+01
1.363481740870435210e+01 4.501050262565641447e+01
1.363281640820410168e+01 4.501425356339084516e+01
1.361880940470235046e+01 4.502325581395349019e+01
1.360280140070035060e+01 4.503000750187546686e+01
1.360280140070035060e+01 4.503150787696924340e+01
1.359279639819909846e+01 4.503900975243811189e+01
1.359079539769884981e+01 4.504501125281320384e+01
1.358879439719859938e+01 4.504576144036008856e+01
1.358879439719859938e+01 4.504951237809452635e+01
1.358679339669834896e+01 4.505026256564141107e+01
1.358679339669834896e+01 4.505701425356338774e+01
1.358479239619809853e+01 4.505776444111027956e+01
1.358479239619809853e+01 4.506226556639159497e+01
1.358279139569784810e+01 4.506301575393848680e+01
1.358079039519759945e+01 4.507201800450112472e+01
1.357878939469734902e+01 4.507276819204800944e+01
1.357878939469734902e+01 4.507501875468867070e+01
1.357678839419709860e+01 4.507576894223555541e+01
1.357678839419709860e+01 4.507801950487621667e+01
1.357078539269634732e+01 4.508477119279820045e+01
1.355077538769384660e+01 4.510127531882970686e+01
1.354677338669334574e+01 4.510577644411102938e+01
1.354677338669334574e+01 4.510802700675169064e+01
1.354277138569284666e+01 4.511102775693923661e+01
1.354277138569284666e+01 4.511402850712678259e+01
1.353876938469234581e+01 4.511777944486121328e+01
1.353876938469234581e+01 4.512078019504875925e+01
1.353476738369184673e+01 4.512453113278319705e+01
1.353476738369184673e+01 4.512678169542385831e+01
1.353276638319159630e+01 4.512753188297074303e+01
1.353276638319159630e+01 4.513053263315828900e+01
1.352876438219109545e+01 4.513503375843961152e+01
1.352876438219109545e+01 4.513878469617404221e+01
1.352676338169084502e+01 4.513953488372092693e+01
1.352676338169084502e+01 4.514253563390848001e+01
1.352476238119059460e+01 4.514328582145536473e+01
1.352476238119059460e+01 4.514628657164291070e+01
1.351875937968984509e+01 4.515228807201800265e+01
1.351875937968984509e+01 4.515453863465866391e+01
1.351075537768884516e+01 4.516129032258064768e+01
1.350675337668834430e+01 4.516279069767441712e+01
1.348474237118559316e+01 4.516204051012753240e+01
1.347273636818409237e+01 4.516654163540885492e+01
1.347073536768384194e+01 4.516954238559640089e+01
1.346473236618309244e+01 4.517179294823706215e+01
1.345472736368184030e+01 4.517929482370592353e+01
1.343671835917959001e+01 4.519954988747186775e+01
1.340270135067533808e+01 4.522955738934733461e+01
1.339669834917458680e+01 4.523780945236308781e+01
1.339269634817408772e+01 4.524006001500374907e+01
1.339069534767383729e+01 4.524531132783195631e+01
1.338069034517258693e+01 4.525356339084770951e+01
1.337868934467233650e+01 4.525731432858214731e+01
1.337468734367183565e+01 4.525881470367591675e+01
1.337468734367183565e+01 4.526031507876969329e+01
1.333266633316658378e+01 4.528132033008252222e+01
1.333266633316658378e+01 4.528282070517629165e+01
1.331465732866433171e+01 4.529632408102025209e+01
1.331465732866433171e+01 4.529782445611402864e+01
1.329064532266133014e+01 4.531432858214553505e+01
1.326663331665832857e+01 4.532408102025506480e+01
1.321860930465232542e+01 4.533758439609902524e+01
1.319259629814907520e+01 4.534358589647411719e+01
1.317058529264632227e+01 4.534658664666166317e+01
1.314057028514257119e+01 4.534658664666166317e+01
1.311255627813906877e+01 4.534283570892723247e+01
1.309654827413706890e+01 4.534433608402100901e+01
1.306653326663331605e+01 4.535033758439610097e+01
1.305252626313156483e+01 4.535558889722430820e+01
1.303851925962981539e+01 4.535708927231807763e+01
1.300650325162581211e+01 4.535633908477119292e+01
1.297448724362181061e+01 4.534733683420855499e+01
1.297448724362181061e+01 4.534583645911477845e+01
1.296848424212106110e+01 4.534358589647411719e+01
1.295647823911956031e+01 4.533308327081770273e+01
1.294847423711855861e+01 4.532858214553638732e+01
1.294447223611805953e+01 4.532333083270818008e+01
1.293446723361680917e+01 4.531732933233308103e+01
1.288844422211105467e+01 4.530082520630157461e+01
1.287043521760880438e+01 4.528882220555139071e+01
1.287243621810905481e+01 4.528657164291072945e+01
1.287043521760880438e+01 4.528432108027006819e+01
1.287043521760880438e+01 4.528132033008252222e+01
1.287643821910955388e+01 4.527831957989497624e+01
1.287643821910955388e+01 4.527531882970743027e+01
1.288644322161080602e+01 4.527081770442610775e+01
1.288644322161080602e+01 4.526781695423856178e+01
1.289644822411205638e+01 4.526481620405101580e+01
1.289444722361180595e+01 4.526181545386346272e+01
1.291245622811405624e+01 4.525956489122280857e+01
1.291445722861430667e+01 4.525806451612903203e+01
1.291045522761380759e+01 4.525506376594148605e+01
1.291645822911455710e+01 4.525281320330082480e+01
1.291445722861430667e+01 4.525056264066016354e+01
1.291445722861430667e+01 4.524756189047261756e+01
1.291845922961480753e+01 4.524456114028507159e+01
1.291445722861430667e+01 4.524306076519129505e+01
1.291645822911455710e+01 4.523780945236308781e+01
1.291245622811405624e+01 4.523630907726931838e+01
1.291445722861430667e+01 4.523405851462865712e+01
1.291445722861430667e+01 4.523105776444111115e+01
1.290845422711355717e+01 4.522955738934733461e+01
1.290845422711355717e+01 4.522580645161290391e+01
1.290245122561280589e+01 4.522355588897224266e+01
1.290245122561280589e+01 4.521755438859715071e+01
1.290045022511255546e+01 4.521680420105026599e+01
1.290245122561280589e+01 4.521605401350337416e+01
1.290245122561280589e+01 4.521380345086271291e+01
1.290045022511255546e+01 4.521305326331582819e+01
1.290045022511255546e+01 4.520555138784695970e+01
1.289844922461230681e+01 4.520480120030007498e+01
1.289844922461230681e+01 4.520030007501875247e+01
1.289444722361180595e+01 4.519879969992498303e+01
1.289444722361180595e+01 4.519429857464366052e+01
1.288644322161080602e+01 4.518829707426856857e+01
1.288044022011005474e+01 4.518604651162790731e+01
1.288044022011005474e+01 4.518454613653413077e+01
1.287643821910955388e+01 4.518379594898724605e+01
1.287243621810905481e+01 4.517929482370592353e+01
1.287443721860930523e+01 4.517779444861215410e+01
1.287043521760880438e+01 4.517704426106526938e+01
1.287043521760880438e+01 4.516279069767441712e+01
1.286843421710855395e+01 4.516204051012753240e+01
1.286843421710855395e+01 4.515753938484620988e+01
1.285442721360680274e+01 4.515153788447111793e+01
1.283241620810405159e+01 4.514553638409602598e+01
1.277438719359679808e+01 4.513803450862715749e+01
1.274237118559279658e+01 4.512828207051762774e+01
1.272636318159079494e+01 4.511777944486121328e+01
1.272036018009004543e+01 4.511552888222055202e+01
1.271035517758879507e+01 4.510727681920479881e+01
1.271035517758879507e+01 4.510577644411102938e+01
1.270035017508754294e+01 4.510127531882970686e+01
1.270035017508754294e+01 4.509977494373593743e+01
1.269234617308654300e+01 4.509452363090773019e+01
1.269234617308654300e+01 4.509302325581395365e+01
1.268434217108554307e+01 4.508927231807952296e+01
1.268434217108554307e+01 4.508702175543886170e+01
1.268034017008504222e+01 4.508552138034508516e+01
1.267833916958479179e+01 4.508177044261065447e+01
1.267233616808404228e+01 4.507951987996999321e+01
1.267033516758379186e+01 4.507501875468867070e+01
1.266233116558279193e+01 4.507201800450112472e+01
1.266233116558279193e+01 4.506676669167291749e+01
1.265832916458229107e+01 4.506451612903225623e+01
1.266233116558279193e+01 4.506301575393848680e+01
1.266233116558279193e+01 4.506001500375094082e+01
1.265832916458229107e+01 4.505776444111027956e+01
1.266233116558279193e+01 4.505626406601650302e+01
1.266233116558279193e+01 4.505326331582895705e+01
1.265832916458229107e+01 4.505176294073518761e+01
1.266233116558279193e+01 4.504951237809452635e+01
1.266233116558279193e+01 4.504651162790698038e+01
1.265832916458229107e+01 4.504501125281320384e+01
1.266233116558279193e+01 4.504276069017254258e+01
1.266233116558279193e+01 4.504051012753188132e+01
1.265232616308153979e+01 4.503675918979745063e+01
1.265432716358179022e+01 4.503450862715678937e+01
1.265232616308153979e+01 4.503375843960990466e+01
1.265032516258129114e+01 4.503525881470367409e+01
1.264232116058028943e+01 4.503150787696924340e+01
1.264232116058028943e+01 4.502925731432858214e+01
1.264632316158079028e+01 4.502850712678169742e+01
1.264632316158079028e+01 4.502625656414103616e+01
1.264232116058028943e+01 4.502475618904725962e+01
1.264232116058028943e+01 4.502325581395349019e+01
1.264632316158079028e+01 4.502250562640659837e+01
1.264632316158079028e+01 4.501875468867216767e+01
1.264232116058028943e+01 4.501650412603150642e+01
1.264832416208104071e+01 4.501350337584396044e+01
1.264632316158079028e+01 4.501200300075018390e+01
1.264632316158079028e+01 4.500975243810952975e+01
1.265232616308153979e+01 4.500750187546886849e+01
1.265232616308153979e+01 4.500225056264066126e+01
1.265632816408204064e+01 4.499924981245311528e+01
1.265432716358179022e+01 4.499624906226556931e+01
1.265832916458229107e+01 4.499324831207801623e+01
1.265832916458229107e+01 4.498874718679670082e+01
1.266033016508254150e+01 4.498799699924981610e+01
1.266233116558279193e+01 4.497299324831207912e+01
1.266433216608304235e+01 4.497224306076519440e+01
1.266633316658329100e+01 4.496249062265566465e+01
1.266833416708354143e+01 4.496174043510877993e+01
1.267033516758379186e+01 4.495423855963991144e+01
1.267233616808404228e+01 4.495348837209302673e+01
1.267433716858429271e+01 4.494598649662415824e+01
1.267633816908454136e+01 4.494523630907726641e+01
1.267633816908454136e+01 4.492948237059265182e+01
1.267833916958479179e+01 4.492873218304576000e+01
1.267833916958479179e+01 4.486196549137284251e+01
1.267633816908454136e+01 4.486121530382595779e+01
1.267633816908454136e+01 4.484921230307576678e+01
1.267433716858429271e+01 4.484846211552888207e+01
1.267433716858429271e+01 4.484021005251312886e+01
1.267233616808404228e+01 4.483945986496624414e+01
1.267033516758379186e+01 4.482820705176293785e+01
1.266833416708354143e+01 4.482745686421605313e+01
1.266833416708354143e+01 4.482370592648162244e+01
1.266433216608304235e+01 4.481920480120029993e+01
1.266433216608304235e+01 4.481470367591897741e+01
1.266033016508254150e+01 4.481095273818454672e+01
1.266033016508254150e+01 4.480720180045011602e+01
1.265632816408204064e+01 4.480270067516879351e+01
1.265632816408204064e+01 4.479894973743435571e+01
1.265432716358179022e+01 4.479819954988747099e+01
1.265432716358179022e+01 4.479519879969992502e+01
1.265032516258129114e+01 4.479069767441860250e+01
1.265032516258129114e+01 4.478544636159039527e+01
1.264832416208104071e+01 4.478469617404351055e+01
1.264832416208104071e+01 4.478094523630907986e+01
1.264432216108053986e+01 4.477644411102775734e+01
1.264432216108053986e+01 4.477194298574643483e+01
1.264232116058028943e+01 4.477119279819955011e+01
1.264032016008004078e+01 4.476369092273068162e+01
1.263831915957979035e+01 4.476294073518379690e+01
1.263831915957979035e+01 4.475843960990247439e+01
1.263631815907953992e+01 4.475768942235558967e+01
1.263631815907953992e+01 4.475393848462115898e+01
1.263231615807903907e+01 4.475018754688672118e+01
1.263231615807903907e+01 4.474643660915229049e+01
1.262831415707853999e+01 4.474193548387096797e+01
1.262831415707853999e+01 4.473893473368342200e+01
1.262631315657828956e+01 4.473818454613653728e+01
1.262631315657828956e+01 4.473518379594898420e+01
1.262431215607803914e+01 4.473443360840209948e+01
1.262431215607803914e+01 4.473068267066766879e+01
1.262231115557778871e+01 4.472993248312077696e+01
1.262231115557778871e+01 4.472468117029256973e+01
1.262031015507753828e+01 4.472393098274568501e+01
1.262031015507753828e+01 4.471942985746436250e+01
1.261830915457728786e+01 4.471867966991747778e+01
1.261830915457728786e+01 4.471192798199550111e+01
1.261630815407703921e+01 4.471117779444860929e+01
1.261630815407703921e+01 4.469842460615154067e+01
1.261430715357678878e+01 4.469767441860464885e+01
1.261430715357678878e+01 4.469017254313578746e+01
1.261230615307653835e+01 4.468942235558889564e+01
1.261230615307653835e+01 4.468267066766691897e+01
1.261030515257628792e+01 4.468192048012002715e+01
1.261030515257628792e+01 4.467291822955738922e+01
1.260830415207603750e+01 4.467216804201050451e+01
1.260830415207603750e+01 4.466616654163540545e+01
1.260630315157578707e+01 4.466541635408852073e+01
1.260630315157578707e+01 4.465716429107276753e+01
1.260430215107553842e+01 4.465641410352588281e+01
1.260430215107553842e+01 4.463990997749437639e+01
1.260230115057528799e+01 4.463915978994748457e+01
1.260230115057528799e+01 4.462190547636909344e+01
1.260030015007503756e+01 4.462115528882220872e+01
1.260030015007503756e+01 4.460165041260314922e+01
1.259829914957478714e+01 4.460090022505626450e+01
1.259829914957478714e+01 4.458889722430607350e+01
1.259629814907453671e+01 4.458814703675918878e+01
1.259629814907453671e+01 4.458139534883721211e+01
1.259429714857428628e+01 4.458064516129032029e+01
1.259429714857428628e+01 4.457164291072768236e+01
1.259229614807403763e+01 4.457089272318079765e+01
1.259229614807403763e+01 4.456489122280569859e+01
1.259029514757378720e+01 4.456414103525881387e+01
1.259029514757378720e+01 4.453713428357089299e+01
1.259229614807403763e+01 4.453638409602400827e+01
1.259429714857428628e+01 4.452513128282070198e+01
1.259629814907453671e+01 4.452438109527381727e+01
1.259629814907453671e+01 4.451837959489872532e+01
1.259829914957478714e+01 4.451762940735184060e+01
1.260030015007503756e+01 4.450862715678919557e+01
1.260230115057528799e+01 4.450787696924231085e+01
1.260230115057528799e+01 4.450412603150788016e+01
1.260630315157578707e+01 4.449962490622655764e+01
1.260630315157578707e+01 4.449587396849211984e+01
1.260830415207603750e+01 4.449512378094523513e+01
1.260830415207603750e+01 4.449287321830457387e+01
1.261030515257628792e+01 4.449212303075768915e+01
1.261030515257628792e+01 4.448837209302325846e+01
1.261430715357678878e+01 4.448462115528882066e+01
1.261430715357678878e+01 4.448012003000750525e+01
1.261630815407703921e+01 4.447936984246061343e+01
1.261630815407703921e+01 4.447636909227306745e+01
1.262031015507753828e+01 4.447186796699174494e+01
1.262231115557778871e+01 4.446361590397599173e+01
1.262631315657828956e+01 4.445911477869467632e+01
1.262631315657828956e+01 4.445536384096023852e+01
1.263031515757878864e+01 4.445086271567892311e+01
1.263031515757878864e+01 4.444711177794448531e+01
1.263231615807903907e+01 4.444636159039760059e+01
1.263231615807903907e+01 4.444261065266316280e+01
1.263631815907953992e+01 4.443810952738184739e+01
1.263631815907953992e+01 4.443435858964740959e+01
1.263831915957979035e+01 4.443360840210052487e+01
1.264032016008004078e+01 4.442535633908477166e+01
1.264232116058028943e+01 4.442460615153788694e+01
1.264232116058028943e+01 4.442085521380344915e+01
1.264632316158079028e+01 4.441635408852213374e+01
1.264632316158079028e+01 4.441260315078769594e+01
1.264832416208104071e+01 4.441185296324081122e+01
1.264832416208104071e+01 4.440810202550637342e+01
1.265032516258129114e+01 4.440735183795948871e+01
1.265032516258129114e+01 4.440360090022505801e+01
1.265232616308153979e+01 4.440285071267816619e+01
1.265232616308153979e+01 4.439834958739685078e+01
1.265632816408204064e+01 4.439384846211552826e+01
1.265632816408204064e+01 4.438934733683420575e+01
1.265832916458229107e+01 4.438859714928732103e+01
1.265832916458229107e+01 4.438484621155289034e+01
1.266233116558279193e+01 4.438034508627156782e+01
1.266233116558279193e+01 4.437659414853713713e+01
1.266633316658329100e+01 4.437209302325581461e+01
1.266833416708354143e+01 4.436534133533383084e+01
1.267433716858429271e+01 4.435858964741185417e+01
1.267433716858429271e+01 4.435558889722430820e+01
1.268034017008504222e+01 4.434883720930232442e+01
1.268034017008504222e+01 4.434658664666166317e+01
1.268234117058529264e+01 4.434583645911477845e+01
1.268234117058529264e+01 4.434358589647411719e+01
1.268434217108554307e+01 4.434283570892723247e+01
1.268434217108554307e+01 4.434058514628657122e+01
1.268634317158579350e+01 4.433983495873968650e+01
1.268834417208604215e+01 4.433458364591147927e+01
1.269234617308654300e+01 4.433158289572393329e+01
1.269434717358679343e+01 4.432633158289572606e+01
1.269834917458729429e+01 4.432333083270818008e+01
1.269834917458729429e+01 4.432108027006751882e+01
1.271035517758879507e+01 4.430757689422355838e+01
1.271235617808904372e+01 4.430232558139535115e+01
1.272036018009004543e+01 4.429407351837959794e+01
1.272036018009004543e+01 4.429182295573893668e+01
1.272836418209104536e+01 4.428357089272318348e+01
1.272836418209104536e+01 4.428132033008252222e+01
1.273236618309154622e+01 4.427831957989497624e+01
1.273436718359179665e+01 4.427306826706676901e+01
1.273836918459229572e+01 4.427006751687922304e+01
1.273836918459229572e+01 4.426781695423856178e+01
1.274437218609304701e+01 4.426256564141035454e+01
1.274437218609304701e+01 4.426031507876969329e+01
1.274837418709354608e+01 4.425731432858214731e+01
1.274837418709354608e+01 4.425506376594148605e+01
1.275437718859429737e+01 4.424981245311327882e+01
1.275437718859429737e+01 4.424756189047261756e+01
1.276838419209604858e+01 4.423180795198799586e+01
1.277238619309654766e+01 4.422955738934733461e+01
1.277238619309654766e+01 4.422730682670667335e+01
1.277638819409704851e+01 4.422505626406601920e+01
1.277838919459729894e+01 4.422130532633158140e+01
1.279639819909954923e+01 4.420630157539385152e+01
1.280040020010005009e+01 4.420105026256564429e+01
1.284842421210605323e+01 4.416354088522130894e+01
1.284842421210605323e+01 4.416204051012753240e+01
1.288044022011005474e+01 4.413878469617404221e+01
1.288444222111055559e+01 4.413428357089271969e+01
1.290645322661330674e+01 4.411777944486121328e+01
1.291045522761380759e+01 4.411627906976744384e+01
1.291045522761380759e+01 4.411477869467366730e+01
1.291845922961480753e+01 4.411027756939234479e+01
1.291845922961480753e+01 4.410877719429857535e+01
1.296448224112056025e+01 4.407801950487621667e+01
1.314257128564282162e+01 4.397449362340584855e+01
1.322061030515257585e+01 4.392123030757689151e+01
1.329864932466233185e+01 4.387471867966991823e+01
1.334867433716858365e+01 4.384171042760689829e+01
1.340870435217608758e+01 4.380495123780945477e+01
1.342871435717858830e+01 4.379444861215304030e+01
1.349874937468734259e+01 4.375243810952738244e+01
1.365682841420710325e+01 4.366841710427606671e+01
1.372286143071535847e+01 4.362715678919730067e+01
1.374687343671836004e+01 4.360840210052513299e+01
1.375687843921961040e+01 4.360240060015003394e+01
1.375887943971985905e+01 4.359939984996248796e+01
1.376488244122061033e+01 4.359639909977494199e+01
1.376488244122061033e+01 4.359489872468117255e+01
1.377688844422211112e+01 4.358664666166541934e+01
1.377688844422211112e+01 4.358514628657164280e+01
1.378289144572286062e+01 4.358139534883721211e+01
1.378289144572286062e+01 4.357989497374343557e+01
1.379089544772386233e+01 4.357389347336834362e+01
1.379889944972486227e+01 4.356489122280569859e+01
1.380290145072536312e+01 4.356264066016504444e+01
1.380690345172586220e+01 4.355663915978994538e+01
1.381090545272636305e+01 4.355438859714928412e+01
1.384292146073036456e+01 4.351837959489872532e+01
1.384292146073036456e+01 4.351612903225806406e+01
1.384892446223111584e+01 4.351087771942985682e+01
1.384892446223111584e+01 4.350862715678919557e+01
1.385492746373186534e+01 4.350337584396098833e+01
1.385492746373186534e+01 4.350112528132032708e+01
1.385692846423211577e+01 4.350037509377344236e+01
1.385692846423211577e+01 4.349812453113278110e+01
1.385892946473236620e+01 4.349737434358589638e+01
1.385892946473236620e+01 4.349512378094523513e+01
1.386093046523261663e+01 4.349437359339835041e+01
1.386093046523261663e+01 4.349212303075768915e+01
1.386293146573286705e+01 4.349137284321080443e+01
1.386493246623311570e+01 4.348612153038259720e+01
1.387093546773386699e+01 4.347936984246061343e+01
1.387093546773386699e+01 4.347636909227306745e+01
1.387293646823411741e+01 4.347561890472618273e+01
1.387293646823411741e+01 4.347261815453863676e+01
1.387493746873436606e+01 4.347036759189797550e+01
1.387493746873436606e+01 4.346999999999999886e+01
