1.390895447723861977e+01 4.474718679669917520e+01
1.389894947473736764e+01 4.474943735933983646e+01
1.388494247123561820e+01 4.475543885971492841e+01
1.387293646823411741e+01 4.476369092273068162e+01
1.387093546773386699e+01 4.476819204801200414e+01
1.386293146573286705e+01 4.477419354838709609e+01
1.386293146573286705e+01 4.477569392348087263e+01
1.384892446223111584e+01 4.478169542385596458e+01
1.382691345672836469e+01 4.479519879969992502e+01
1.382491245622811427e+01 4.479894973743435571e+01
1.382091045522761341e+01 4.480045011252813225e+01
1.382091045522761341e+01 4.480270067516879351e+01
1.381490745372686391e+01 4.480720180045011602e+01
1.381490745372686391e+01 4.481020255063766200e+01
1.381090545272636305e+01 4.481320330082520798e+01
1.381090545272636305e+01 4.481545386346586923e+01
1.379689844922461184e+01 4.482520630157539188e+01
1.379289644822411276e+01 4.482970742685671439e+01
1.377488744372186069e+01 4.483645911477869817e+01
1.376088044022010948e+01 4.484696174043510553e+01
1.375087543771885912e+01 4.485071267816954332e+01
1.372886443221610797e+01 4.485371342835708930e+01
1.372086043021510804e+01 4.485896474118529653e+01
1.369484742371185604e+01 4.488822205551387867e+01
1.369484742371185604e+01 4.489197299324830936e+01
1.369084542271135518e+01 4.489572393098274716e+01
1.369084542271135518e+01 4.489872468117029314e+01
1.368884442221110476e+01 4.489947486871717786e+01
1.368684342171085433e+01 4.490622655663916163e+01
1.368484242121060568e+01 4.490697674418604635e+01
1.368484242121060568e+01 4.491072768192047704e+01
1.368284142071035525e+01 4.491147786946736886e+01
1.368284142071035525e+01 4.491522880720179955e+01
1.368084042021010482e+01 4.491597899474868427e+01
1.368084042021010482e+01 4.491972993248312207e+01
1.367883941970985440e+01 4.492048012003000679e+01
1.367883941970985440e+01 4.492573143285821402e+01
1.367683841920960397e+01 4.492648162040509874e+01
1.367483741870935532e+01 4.493548387096774377e+01
1.366883441720860404e+01 4.494223555888972044e+01
1.366283141570785453e+01 4.494523630907726641e+01
1.364682341170585289e+01 4.494523630907726641e+01
1.363281640820410168e+01 4.495198799699925019e+01
1.363081540770385125e+01 4.495573893473368088e+01
1.362481240620310174e+01 4.496024006001500339e+01
1.362481240620310174e+01 4.496324081020254937e+01
1.361880940470235046e+01 4.496774193548387188e+01
1.361880940470235046e+01 4.497074268567141786e+01
1.361680840420210004e+01 4.497149287321830258e+01
1.361680840420210004e+01 4.497374343585896384e+01
1.361480740370185138e+01 4.497449362340584855e+01
1.361280640320160096e+01 4.497899474868717107e+01
1.359279639819909846e+01 4.499249812453113151e+01
1.359079539769884981e+01 4.499624906226556931e+01
1.358279139569784810e+01 4.500075018754688472e+01
1.357878939469734902e+01 4.500525131282820723e+01
1.357678839419709860e+01 4.501875468867216767e+01
1.357478739369684817e+01 4.501950487621905239e+01
1.357478739369684817e+01 4.502325581395349019e+01
1.357278639319659774e+01 4.502475618904725962e+01
1.356878439219609866e+01 4.502550637659415145e+01
1.356478239119559781e+01 4.502325581395349019e+01
1.356478239119559781e+01 4.502175543885971365e+01
1.355877938969484831e+01 4.501950487621905239e+01
1.354477238619309709e+01 4.501950487621905239e+01
1.353276638319159630e+01 4.502100525131282893e+01
1.350475237618809388e+01 4.502925731432858214e+01
1.349874937468734259e+01 4.503225806451612812e+01
1.348274137068534273e+01 4.504501125281320384e+01
1.344472236118058994e+01 4.506601650412603277e+01
1.342271135567783880e+01 4.508102025506376265e+01
1.340070035017508765e+01 4.509002250562640768e+01
1.339069534767383729e+01 4.509527381845461491e+01
1.338469234617308601e+01 4.510052513128282214e+01
1.337468734367183565e+01 4.510427606901725284e+01
1.335467733866933493e+01 4.510352588147036812e+01
1.329664832416208142e+01 4.510652663165791409e+01
1.325062531265632870e+01 4.509602400600149963e+01
1.324262131065532699e+01 4.509227306826706894e+01
1.323461730865432706e+01 4.509077269317329240e+01
1.321660830415207499e+01 4.509227306826706894e+01
1.321260630315157591e+01 4.509527381845461491e+01
1.320260130065032556e+01 4.509827456864216089e+01
1.318259129564782306e+01 4.509827456864216089e+01
1.317858929464732398e+01 4.509677419354838435e+01
1.317858929464732398e+01 4.509227306826706894e+01
1.317258629314657270e+01 4.509002250562640768e+01
1.317258629314657270e+01 4.508552138034508516e+01
1.316658329164582319e+01 4.508477119279820045e+01
1.316458229114557277e+01 4.508252063015753919e+01
1.316458229114557277e+01 4.507951987996999321e+01
1.316058029014507191e+01 4.507876969242310849e+01
1.315857928964482326e+01 4.507651912978244724e+01
1.315857928964482326e+01 4.507276819204800944e+01
1.315257628814407198e+01 4.507201800450112472e+01
1.315257628814407198e+01 4.506826706676669403e+01
1.315057528764382155e+01 4.506601650412603277e+01
1.314657328664332070e+01 4.506526631657914805e+01
1.314457228614307205e+01 4.506226556639159497e+01
1.313856928464232077e+01 4.506001500375094082e+01
1.313856928464232077e+01 4.505851462865716428e+01
1.313656828414207034e+01 4.505926481620404900e+01
1.313656828414207034e+01 4.506151537884471026e+01
1.312856428214107041e+01 4.506451612903225623e+01
1.312456228114056955e+01 4.506901725431357875e+01
1.312456228114056955e+01 4.507351837959490126e+01
1.312056028014007047e+01 4.507726931732933195e+01
1.312056028014007047e+01 4.508327081770442391e+01
1.311855927963982005e+01 4.508402100525131573e+01
1.311855927963982005e+01 4.509002250562640768e+01
1.312056028014007047e+01 4.509077269317329240e+01
1.312056028014007047e+01 4.509827456864216089e+01
1.312256128064031913e+01 4.509902475618904560e+01
1.312056028014007047e+01 4.510127531882970686e+01
1.312056028014007047e+01 4.510427606901725284e+01
1.311455727863931919e+01 4.510802700675169064e+01
1.310655327663831926e+01 4.510952738184546007e+01
1.309454727363681847e+01 4.510877719429857535e+01
1.308254127063531769e+01 4.510427606901725284e+01
1.307653826913456641e+01 4.509752438109527617e+01
1.307853926963481683e+01 4.509602400600149963e+01
1.307853926963481683e+01 4.509302325581395365e+01
1.307653826913456641e+01 4.509077269317329240e+01
1.308254127063531769e+01 4.508777194298574642e+01
1.308254127063531769e+01 4.508402100525131573e+01
1.308854427213606719e+01 4.508177044261065447e+01
1.309054527263631762e+01 4.507951987996999321e+01
1.309054527263631762e+01 4.507651912978244724e+01
1.309654827413706890e+01 4.507501875468867070e+01
1.309454727363681847e+01 4.507351837959490126e+01
1.309654827413706890e+01 4.507276819204800944e+01
1.309654827413706890e+01 4.506826706676669403e+01
1.309454727363681847e+01 4.506751687921980221e+01
1.309454727363681847e+01 4.506451612903225623e+01
1.309054527263631762e+01 4.506301575393848680e+01
1.308854427213606719e+01 4.505176294073518761e+01
1.308454227113556811e+01 4.504801200300074981e+01
1.308454227113556811e+01 4.504201050262565786e+01
1.308254127063531769e+01 4.504126031507877315e+01
1.308454227113556811e+01 4.503825956489122007e+01
1.308254127063531769e+01 4.503750937734433535e+01
1.308054027013506726e+01 4.503225806451612812e+01
1.306253126563281697e+01 4.502325581395349019e+01
1.304452226113056490e+01 4.501875468867216767e+01
1.303251625812906411e+01 4.501875468867216767e+01
1.302851425712856326e+01 4.501725431357839113e+01
1.302451225612806418e+01 4.501500375093773698e+01
1.302451225612806418e+01 4.501275318829707572e+01
1.301850925462731290e+01 4.500750187546886849e+01
1.301850925462731290e+01 4.500375093773443069e+01
1.301650825412706425e+01 4.500300075018754598e+01
1.301650825412706425e+01 4.499624906226556931e+01
1.301450725362681382e+01 4.499549887471867748e+01
1.301450725362681382e+01 4.498424606151537830e+01
1.301250625312656339e+01 4.498349587396849358e+01
1.301250625312656339e+01 4.496849212303075660e+01
1.301050525262631297e+01 4.496774193548387188e+01
1.301050525262631297e+01 4.495948987246811868e+01
1.300850425212606254e+01 4.495873968492122685e+01
1.300850425212606254e+01 4.495198799699925019e+01
1.300650325162581211e+01 4.495123780945236547e+01
1.300450225112556346e+01 4.494448612153038169e+01
1.299849924962481218e+01 4.493923480870217446e+01
1.299849924962481218e+01 4.493698424606151320e+01
1.299449724862431133e+01 4.493398349587396723e+01
1.299449724862431133e+01 4.493173293323330597e+01
1.298849424712356182e+01 4.492498124531132930e+01
1.297648824412206103e+01 4.491447861965491484e+01
1.297448724362181061e+01 4.490997749437359232e+01
1.297048524262131153e+01 4.490772693173293106e+01
1.296048024012005939e+01 4.489572393098274716e+01
1.295647823911956031e+01 4.489347336834208591e+01
1.294847423711855861e+01 4.488297074268567144e+01
1.292246123061530838e+01 4.486121530382595779e+01
1.292046023011505795e+01 4.485746436609151999e+01
1.291645822911455710e+01 4.485521380345086584e+01
1.291245622811405624e+01 4.484921230307576678e+01
1.290845422711355717e+01 4.484696174043510553e+01
1.290445222611305631e+01 4.484096024006001358e+01
1.289844922461230681e+01 4.483720930232558288e+01
1.289644822411205638e+01 4.483345836459114508e+01
1.286843421710855395e+01 4.481095273818454672e+01
1.286843421710855395e+01 4.480870217554388546e+01
1.286243121560780445e+01 4.480270067516879351e+01
1.286043021510755402e+01 4.479519879969992502e+01
1.285842921460730359e+01 4.479444861215304030e+01
1.285642821410705317e+01 4.478694673668417181e+01
1.285442721360680274e+01 4.478619654913728709e+01
1.285442721360680274e+01 4.477719429857464206e+01
1.285242621310655409e+01 4.477644411102775734e+01
1.285242621310655409e+01 4.477119279819955011e+01
1.285042521260630366e+01 4.477044261065266539e+01
1.285042521260630366e+01 4.476669167291822760e+01
1.284842421210605323e+01 4.476594148537134288e+01
1.284842421210605323e+01 4.475993998499625093e+01
1.284642321160580281e+01 4.475918979744935911e+01
1.284642321160580281e+01 4.475543885971492841e+01
1.284442221110555238e+01 4.475468867216804369e+01
1.284442221110555238e+01 4.475093773443360590e+01
1.284242121060530195e+01 4.475018754688672118e+01
1.284042021010505152e+01 4.474193548387096797e+01
1.283641820910455245e+01 4.473818454613653728e+01
1.283641820910455245e+01 4.473443360840209948e+01
1.283441720860430202e+01 4.473368342085521476e+01
1.283241620810405159e+01 4.472318079519880030e+01
1.283041520760380116e+01 4.472243060765191558e+01
1.283041520760380116e+01 4.471417854463616237e+01
1.282841420710355251e+01 4.471342835708927055e+01
1.282841420710355251e+01 4.469242310577644162e+01
1.283041520760380116e+01 4.469167291822955690e+01
1.283041520760380116e+01 4.468792198049512621e+01
1.282841420710355251e+01 4.468717179294823438e+01
1.282841420710355251e+01 4.467666916729181992e+01
1.282641320660330209e+01 4.467591897974493520e+01
1.282641320660330209e+01 4.467366841710427394e+01
1.280240120060030051e+01 4.465641410352588281e+01
1.277438719359679808e+01 4.464666166541635306e+01
1.277438719359679808e+01 4.464516129032258362e+01
1.276838419209604858e+01 4.464141035258814583e+01
1.276838419209604858e+01 4.463915978994748457e+01
1.276238119059529730e+01 4.463390847711927734e+01
1.276238119059529730e+01 4.463090772693173136e+01
1.275837918959479822e+01 4.462640660165041595e+01
1.275837918959479822e+01 4.461965491372843218e+01
1.275637818909454779e+01 4.461890472618154746e+01
1.275637818909454779e+01 4.461365341335334023e+01
1.275437718859429737e+01 4.461290322580644840e+01
1.275437718859429737e+01 4.460915228807201771e+01
1.275237618809404694e+01 4.460840210052513299e+01
1.275237618809404694e+01 4.460465116279069520e+01
1.275037518759379651e+01 4.460390097524381048e+01
1.274837418709354608e+01 4.459639909977494199e+01
1.274637318659329566e+01 4.459564891222805727e+01
1.274437218609304701e+01 4.458589647411852752e+01
1.274237118559279658e+01 4.458514628657164280e+01
1.274237118559279658e+01 4.458214553638409683e+01
1.274037018509254615e+01 4.458139534883721211e+01
1.274037018509254615e+01 4.457614403600900488e+01
1.273836918459229572e+01 4.457539384846211306e+01
1.273836918459229572e+01 4.456864216054013639e+01
1.273636818409204530e+01 4.456789197299325167e+01
1.273636818409204530e+01 4.455888972243060664e+01
1.273436718359179665e+01 4.455813953488372192e+01
1.273436718359179665e+01 4.450562640660164959e+01
1.273236618309154622e+01 4.450487621905476487e+01
1.273236618309154622e+01 4.449437359339835041e+01
1.273036518259129579e+01 4.449362340585146569e+01
1.273036518259129579e+01 4.448387096774193594e+01
1.272836418209104536e+01 4.448312078019505122e+01
1.272836418209104536e+01 4.447336834208552148e+01
1.272636318159079494e+01 4.447261815453863676e+01
1.272636318159079494e+01 4.446436609152288355e+01
1.272436218109054451e+01 4.446361590397599173e+01
1.272436218109054451e+01 4.445536384096023852e+01
1.272236118059029586e+01 4.445461365341335380e+01
1.272236118059029586e+01 4.441560390097524191e+01
1.272436218109054451e+01 4.441485371342835720e+01
1.272436218109054451e+01 4.440585146286571927e+01
1.272636318159079494e+01 4.440510127531882745e+01
1.272636318159079494e+01 4.439909977494373550e+01
1.272836418209104536e+01 4.439834958739685078e+01
1.273036518259129579e+01 4.438784696174043631e+01
1.273236618309154622e+01 4.438709677419355160e+01
1.273236618309154622e+01 4.438334583645911380e+01
1.273436718359179665e+01 4.438259564891222908e+01
1.273436718359179665e+01 4.437884471117779128e+01
1.273636818409204530e+01 4.437809452363090656e+01
1.273836918459229572e+01 4.436984246061515336e+01
1.274037018509254615e+01 4.436909227306826864e+01
1.274037018509254615e+01 4.436459114778694612e+01
1.274237118559279658e+01 4.436384096024006141e+01
1.274237118559279658e+01 4.436009002250562361e+01
1.274437218609304701e+01 4.435933983495873889e+01
1.274437218609304701e+01 4.435558889722430820e+01
1.274637318659329566e+01 4.435483870967741638e+01
1.274637318659329566e+01 4.435033758439610097e+01
1.274837418709354608e+01 4.434958739684920914e+01
1.274837418709354608e+01 4.434583645911477845e+01
1.275037518759379651e+01 4.434508627156789373e+01
1.275037518759379651e+01 4.434133533383345593e+01
1.275237618809404694e+01 4.434058514628657122e+01
1.275237618809404694e+01 4.433608402100524870e+01
1.275637818909454779e+01 4.433158289572393329e+01
1.275637818909454779e+01 4.432783195798949549e+01
1.275837918959479822e+01 4.432708177044261078e+01
1.276038019009504687e+01 4.431882970742685757e+01
1.276238119059529730e+01 4.431807951987997285e+01
1.276238119059529730e+01 4.431432858214553505e+01
1.276438219109554773e+01 4.431357839459865033e+01
1.276638319159579815e+01 4.430682670667666656e+01
1.277038519259629723e+01 4.430232558139535115e+01
1.277038519259629723e+01 4.429857464366091335e+01
1.277438719359679808e+01 4.429407351837959794e+01
1.277438719359679808e+01 4.429032258064516014e+01
1.277638819409704851e+01 4.428957239309827543e+01
1.277838919459729894e+01 4.428282070517629165e+01
1.278239119559779802e+01 4.427831957989497624e+01
1.278439219609804844e+01 4.427156789197299247e+01
1.278639319659829887e+01 4.427081770442610775e+01
1.278639319659829887e+01 4.426856714178544649e+01
1.279039519759879973e+01 4.426481620405101580e+01
1.279439719859929880e+01 4.425656414103525549e+01
1.279839919959979966e+01 4.425281320330082480e+01
1.279839919959979966e+01 4.425056264066016354e+01
1.281040520260130045e+01 4.423780945236308781e+01
1.281240620310155087e+01 4.423330832708177240e+01
1.281640820410205173e+01 4.423105776444111115e+01
1.281840920460230038e+01 4.422730682670667335e+01
1.282241120560280123e+01 4.422505626406601920e+01
1.282641320660330209e+01 4.421905476369092014e+01
1.283041520760380116e+01 4.421680420105026599e+01
1.284042021010505152e+01 4.420555138784695970e+01
1.284642321160580281e+01 4.420180045011252901e+01
1.285442721360680274e+01 4.419279819954988398e+01
1.287643821910955388e+01 4.417479369842460812e+01
1.287643821910955388e+01 4.417329332333083158e+01
1.288644322161080602e+01 4.416579144786196309e+01
1.288644322161080602e+01 4.416429107276819366e+01
1.296848424212106110e+01 4.410052513128282214e+01
1.306253126563281697e+01 4.403975993998499661e+01
1.317058529264632227e+01 4.397824456114028635e+01
1.323661830915457749e+01 4.393323330832708251e+01
1.328664332166083106e+01 4.390322580645161565e+01
1.338269134567283558e+01 4.384096024006001358e+01
1.346073036518259158e+01 4.379444861215304030e+01
1.348074037018509230e+01 4.378094523630907986e+01
1.350875437718859473e+01 4.376444111027756634e+01
1.357478739369684817e+01 4.372993248312077696e+01
1.366283141570785453e+01 4.368117029257314243e+01
1.373886943471735833e+01 4.363315828957239262e+01
1.379089544772386233e+01 4.359414853713428073e+01
1.379089544772386233e+01 4.359264816204051129e+01
1.379689844922461184e+01 4.358889722430607350e+01
1.379689844922461184e+01 4.358739684921230406e+01
1.381490745372686391e+01 4.357239309827456708e+01
1.382491245622811427e+01 4.356039009752438318e+01
1.382891445722861334e+01 4.355813953488372192e+01
1.382891445722861334e+01 4.355588897224306066e+01
1.383291645822911420e+01 4.355363840960239941e+01
1.385092546273136627e+01 4.353338334583646230e+01
1.386093046523261663e+01 4.352213053263315601e+01
1.386093046523261663e+01 4.351987996999249475e+01
1.386493246623311570e+01 4.351687921980494878e+01
1.386493246623311570e+01 4.351462865716429462e+01
1.386893446723361656e+01 4.351162790697674154e+01
1.386893446723361656e+01 4.350937734433608739e+01
1.387293646823411741e+01 4.350637659414853431e+01
1.387493746873436606e+01 4.350112528132032708e+01
1.387693846923461649e+01 4.350037509377344236e+01
1.387693846923461649e+01 4.349812453113278110e+01
1.388294147073536777e+01 4.349137284321080443e+01
1.388294147073536777e+01 4.348837209302325846e+01
1.388694347173586863e+01 4.348462115528882066e+01
1.388694347173586863e+01 4.348162040510127468e+01
1.389094547273636771e+01 4.347786946736684399e+01
1.389294647323661813e+01 4.347111777944486022e+01
1.389494747373686856e+01 4.347036759189797550e+01
1.389494747373686856e+01 4.346999999999999886e+01
